image_width: 640
image_height: 360
camera_name: narrow_stereo
camera_matrix:
  rows: 3
  cols: 3
  data: [349.528032, 0, 317.953403, 0, 349.433583, 178.336124, 0, 0, 1]
distortion_model: plumb_bob
distortion_coefficients:
  rows: 1
  cols: 5
  data: [0.038068, -0.032331, -0.001117, -0.001596, 0]
rectification_matrix:
  rows: 3
  cols: 3
  data: [1, 0, 0, 0, 1, 0, 0, 0, 1]
projection_matrix:
  rows: 3
  cols: 4
  data: [352.249939, 0, 315.981428, 0, 0, 352.935242, 177.354144, 0, 0, 0, 1, 0]