# oST version 5.0 parameters


[image]

width
640

height
360

[narrow_stereo]

camera matrix
349.528032 0.000000 317.953403
0.000000 349.433583 178.336124
0.000000 0.000000 1.000000

distortion
0.038068 -0.032331 -0.001117 -0.001596 0.000000

rectification
1.000000 0.000000 0.000000
0.000000 1.000000 0.000000
0.000000 0.000000 1.000000

projection
352.249939 0.000000 315.981428 0.000000
0.000000 352.935242 177.354144 0.000000
0.000000 0.000000 1.000000 0.000000

